"field" "block_n" "trt_id" "entropy" "lower_ci" "upper_ci" "sigma" "posterior_prob"
"1" 1 4 1 1.0688343100029 -4.081074915 -1.1123566275 0.704614648696946 NA
"2" 1 4 2 1.81314669198086 -5.3245603325 -0.903556487250001 1.4832092595675 0.423333333333333
"3" 1 4 3 1.68275156929698 -3.4023198025 1.740294415 1.30188476808186 0.926666666666667
"4" 1 4 4 1.82694539566819 -4.4871229775 -0.24769426075 1.5038174810273 0.706666666666667
"5" 1 4 5 1.63649902210337 -5.978374225 -0.540719740250002 1.24304061739167 0.74
"6" 1 4 6 1.95731889660902 -2.73559522 2.5884735825 1.71322980419192 0.96
"7" 1 4 7 1.75153450424502 -0.74319984 3.49991975 1.39458373241441 0.996666666666667
"8" 1 4 8 1.89408794719462 -2.5894112975 2.769234695 1.6082544752529 1
"9" 1 4 9 2.10847141592943 -2.732780445 4.068781485 1.99278445175464 0.923333333333333
"10" 1 4 10 1.47875949664409 -0.79706762175 3.4737842925 1.06164645599925 1
"11" 1 4 11 1.69953483530544 -1.8109927325 3.3675149775 1.32391903270762 1
"12" 1 4 12 1.579405393356 1.30610329 5.1833678225 1.1740588643628 1
"13" 1 4 13 1.22725406934335 4.8992381 8.6310046075 0.825567323723546 1
"14" 1 4 14 2.08874043938894 0.10168737 6.5454403375 1.95385023664898 1
"15" 1 4 15 2.61459418339859 -1.2256540375 8.35362356 3.30572445901178 1
"16" 1 6 1 1.78109355907174 -7.2075155525 -2.0627367175 1.4364216072056 NA
"17" 1 6 2 1.85381859709558 -1.6640333775 2.543077545 1.54477777320481 1
"18" 1 6 3 1.60329639765673 -5.176132295 -0.380823187 1.20244605880864 0.81
"19" 1 6 4 1.73830086065086 -5.1911171325 -0.59545167525 1.37624988768621 0.773333333333333
"20" 1 6 5 1.72330811272909 -5.674109015 -0.542348995750004 1.35577002835172 0.766666666666667
"21" 1 6 6 2.00357708913144 -3.275191355 3.0208212575 1.79434231402295 0.98
"22" 1 6 7 1.32917070410036 -1.494714805 1.6923705275 0.914143398126981 1
"23" 1 6 8 1.62792828720259 -1.6055007675 2.17829710249999 1.23243237096093 1
"24" 1 6 9 1.39360488458047 -3.076347115 0.439585239999999 0.974984555498416 0.913333333333333
"25" 1 6 10 0.751317627973952 2.43012857 4.37853477 0.512927430295262 1
"26" 1 6 11 1.66317009651128 -0.8693792545 4.2021975225 1.27663991922543 1
"27" 1 6 12 1.45397478563432 0.82828155975 4.91049546 1.03565725321079 1
"28" 1 6 13 1.69485475363204 0.8618712955 5.3603178925 1.31773745992133 1
"29" 1 6 14 1.8062263569669 2.06058147 6.3369988325 1.47298038902354 1
"30" 1 6 15 1.40642543121562 1.07158127 4.887683905 0.987564861345118 1
"31" 1 10 1 1.87512866470048 -6.508630635 -0.690123103750001 1.57805035331917 NA
"32" 1 10 2 1.81983691844345 -3.977616945 1.326143425 1.4931655331317 0.926666666666667
"33" 1 10 3 1.79973447712732 -4.5382864175 0.788542101749999 1.46344894928747 0.853333333333333
"34" 1 10 4 1.66043410927075 -2.181978595 2.46955783 1.27315182256553 0.976666666666667
"35" 1 10 5 2.00392230798493 -5.00728184 1.3836384275 1.79496186175299 0.84
"36" 1 10 6 2.39471579267067 -5.1833549075 3.831896525 2.65322865682864 0.93
"37" 1 10 7 1.61818130049814 -1.8438438425 2.4119121025 1.22047822213247 0.996666666666667
"38" 1 10 8 1.81997825857617 -1.123924745 4.0461877675 1.49337659226153 0.986666666666667
"39" 1 10 9 1.74457236185048 -3.020286945 2.47894067749999 1.38490816231897 0.956666666666667
"40" 1 10 10 1.90841783066559 -2.20995163 3.85944568 1.63146649000253 0.996666666666667
"41" 1 10 11 1.69199148731868 -1.4078799175 3.677745805 1.31396982309031 0.996666666666667
"42" 1 10 12 1.77957006142811 -0.8466099985 4.64978129 1.43423488842517 0.996666666666667
"43" 1 10 13 2.07683582848906 1.4786595 8.231929925 1.93072831165403 1
"44" 1 10 14 1.69967152299685 2.30232528 6.88498291 1.32410000851211 1
"45" 1 10 15 2.04603706988573 -0.73896461325 5.6135359375 1.87217065672553 1
"46" 1 12 1 1.89885699317302 -6.0446046725 -0.854054560250001 1.6159426328073 NA
"47" 1 12 2 1.38655786489674 -3.5260168425 0.771666419999998 0.968137972480821 0.696666666666667
"48" 1 12 3 1.8672903569598 -5.8485317425 -0.4809668265 1.56572945957991 0.603333333333333
"49" 1 12 4 1.82972167518713 -2.9869482275 3.20904 1.50799829957518 0.96
"50" 1 12 5 2.50168002018416 -5.43064639 3.2890716525 2.95276342757159 0.583333333333333
"51" 1 12 6 1.95471448451564 -2.988952045 3.4143661775 1.70877365311684 0.853333333333333
"52" 1 12 7 2.1907829300366 -3.9529346 3.143044025 2.1637533956267 0.666666666666667
"53" 1 12 8 1.88516416997991 -3.521878135 2.1332610175 1.59396661626269 0.97
"54" 1 12 9 1.87960418814263 -3.364740315 2.54271617 1.58512878269139 0.97
"55" 1 12 10 1.82243649295961 -0.1925861135 5.854672205 1.49705217782252 1
"56" 1 12 11 2.06938415189308 -1.05959783 5.3730893775 1.9163946200242 1
"57" 1 12 12 2.1277353920063 0.28329499725 7.77037322 2.03154555152686 1
"58" 1 12 13 1.89070347458677 1.2613870275 8.060791225 1.60282058265224 1
"59" 1 12 14 1.78041700839989 0.5426074825 6.281526895 1.43545012386809 1
"60" 1 12 15 1.84493208601014 2.10424387 7.766697925 1.53111090373158 1
"61" 1 15 1 1.97549618960546 -5.9136361725 0.102152394274999 1.74465644462648 NA
"62" 1 15 2 1.79050534592067 -4.0215472225 1.3022371975 1.45000472161878 0.74
"63" 1 15 3 1.82378828977034 -4.5590740875 1.00657158 1.49907725662115 0.71
"64" 1 15 4 2.03215118748294 -2.7773306675 2.9220364775 1.84635357644987 0.926666666666667
"65" 1 15 5 2.42858370267091 -5.7545135175 3.9918458925 2.74462696476486 0.793333333333333
"66" 1 15 6 2.20165900175276 -3.4462214525 4.0167427475 2.18741497199292 0.94
"67" 1 15 7 2.16498903446624 -2.1761328825 6.29700949999999 2.10865541705748 0.973333333333333
"68" 1 15 8 1.75494113645264 -2.4802358725 2.4736554525 1.39934266764214 0.93
"69" 1 15 9 1.92468870471348 -1.6814891875 3.958386575 1.65822901014576 1
"70" 1 15 10 1.82116986494886 0.45857056575 5.9490238475 1.49515716998889 1
"71" 1 15 11 1.89763756300212 -3.0500160675 3.01651054 1.61397330457958 0.993333333333333
"72" 1 15 12 2.06775267129895 -1.15368206 6.52743821 1.91327060846598 1
"73" 1 15 13 1.64044005852162 0.294561007 5.669222775 1.24794915173731 1
"74" 1 15 14 2.01365435362208 0.88983977025 8.55857421249998 1.81251579178447 0.996666666666667
"75" 1 15 15 2.12885754883262 -0.0840616691249999 6.651794545 2.03382654381165 1
"76" 1 20 1 1.98211515666974 -7.3096720525 -0.3772362395 1.75624256996326 NA
"77" 1 20 2 1.90027831921583 -3.5279229775 1.2651352325 1.61824104716616 0.723333333333333
"78" 1 20 3 1.5600996121569 -4.28482784 -0.11174240075 1.15161013319909 0.803333333333333
"79" 1 20 4 1.94011827668997 -3.416921265 2.73614785 1.68401318183973 0.943333333333333
"80" 1 20 5 1.77074883104092 -4.94777858 0.6551611105 1.4216388101784 0.723333333333333
"81" 1 20 6 2.39455228845913 -4.3004127425 3.7415686175 2.65279487823235 0.956666666666667
"82" 1 20 7 2.03495262325917 -1.974581665 4.6476735275 1.85153326931541 0.99
"83" 1 20 8 1.97668576247218 -2.3358344125 3.548164195 1.74673307550173 0.99
"84" 1 20 9 1.90215173655708 -1.47683162 4.5549193375 1.62127552954469 0.993333333333333
"85" 1 20 10 1.5156041520431 -1.028618075 2.36896909 1.10149199386245 1
"86" 1 20 11 1.69324739063813 -0.164040558 4.7376130475 1.31562107884453 1
"87" 1 20 12 1.68419677208138 -0.5292138555 4.6397994775 1.30376761579432 1
"88" 1 20 13 1.31211493615152 1.1789121775 4.205311685 0.898684189547818 1
"89" 1 20 14 1.62559623415135 -1.362245865 3.7750094525 1.2295616219603 1
"90" 1 20 15 1.83152015349094 -0.87018709475 4.944980485 1.51071284209036 1
"91" 2 4 1 1.47992739407113 -5.7273310625 -2.0311915575 1.06288707448019 NA
"92" 2 4 2 2.20778488514335 -5.7065674575 1.2123765725 2.20085594793117 0.723333333333333
"93" 2 4 3 1.79370426632626 -2.9119988425 1.8328295025 1.45465059824394 0.966666666666667
"94" 2 4 4 2.06361593198007 -6.684048395 1.138774475 1.90537225469105 0.57
"95" 2 4 5 1.93035848002094 -5.2494094925 0.772752017499999 1.66765749949202 0.716666666666667
"96" 2 4 6 1.07614750379946 -2.0151962575 0.453020747249999 0.709786520574936 1
"97" 2 4 7 1.42141446524567 -1.2407597275 2.6421996325 1.00247899969198 1
"98" 2 4 8 1.65055959687827 -2.2852104375 2.62041554249999 1.26064193528352 1
"99" 2 4 9 1.69933252885959 -1.40496283 3.2698399775 1.3236512224443 1
"100" 2 4 10 1.58910942273692 -0.4251442425 3.67330784 1.18550742482033 1
"101" 2 4 11 2.29855212477283 -3.301534285 4.80445358 2.40996829440663 0.963333333333333
"102" 2 4 12 1.78932159975726 -0.58227775375 4.130095615 1.44828929960506 1
"103" 2 4 13 1.98435634223375 0.53920278175 6.6340693225 1.76018304948147 1
"104" 2 4 14 2.43062545225724 -2.91383796 5.28145485 2.75023653045028 0.923333333333333
"105" 2 4 15 1.80465607531235 2.6470734125 7.2603038025 1.47066921001705 1
"106" 2 6 1 1.74821801882918 -6.08133148 -0.181554046250001 1.38996627689893 NA
"107" 2 6 2 1.66673881902276 -2.073894 1.9102638625 1.2812040320263 0.956666666666667
"108" 2 6 3 1.7327587354141 -3.8330067725 0.15113438 1.3686436353221 0.633333333333333
"109" 2 6 4 1.50651405869614 -2.95834629 1.24033869 1.09152469926931 0.866666666666667
"110" 2 6 5 1.68748999033614 -3.475633675 0.34136635 1.30806828474052 0.776666666666667
"111" 2 6 6 2.29269628850148 -0.025877172 5.8912067 2.39589715401183 1
"112" 2 6 7 1.51388542275733 -2.202786665 0.834805184 1.09960045330327 0.903333333333333
"113" 2 6 8 1.86938105844381 -5.4125816025 0.551543700749992 1.56900635679792 0.703333333333333
"114" 2 6 9 1.97297889038639 -2.570646275 4.36573781 1.74027014545087 1
"115" 2 6 10 1.59634836653499 -0.737283647 3.142421825 1.19412038319005 0.986666666666667
"116" 2 6 11 1.55515563179773 0.351687302 4.747730605 1.14593064652303 0.993333333333333
"117" 2 6 12 1.32629591805938 -2.3857054825 0.49934309 0.911519205250399 0.866666666666667
"118" 2 6 13 1.58668665877216 2.616976445 6.4701064075 1.18263869668033 1
"119" 2 6 14 2.36795943827544 1.3057607525 9.51737157 2.58317924306094 1
"120" 2 6 15 1.35059352539257 2.376906075 6.3104257475 0.933938202011587 1
"121" 2 10 1 2.08926337420897 -8.10124002 0.0266807869499997 1.95487224016817 NA
"122" 2 10 2 1.73768075190578 -4.9957837825 1.1866244825 1.37539672764878 0.8
"123" 2 10 3 1.96391730176328 -4.9704551775 1.69273263249999 1.72457176684334 0.706666666666667
"124" 2 10 4 1.72218190995751 -3.00629737 1.790947295 1.35424401584921 0.916666666666667
"125" 2 10 5 1.99148010023118 -4.9923185175 2.7495295225 1.77276693662336 0.82
"126" 2 10 6 1.94624164207924 -4.2831018525 2.2949613875 1.69435664595805 0.833333333333333
"127" 2 10 7 1.93701106798924 -2.7463466125 4.0439347975 1.67878872237532 0.943333333333333
"128" 2 10 8 2.06522332282481 -6.14573449 1.25162505 1.90843739538866 0.46
"129" 2 10 9 1.84445009289397 -2.933234505 3.272293325 1.53037309663914 0.943333333333333
"130" 2 10 10 1.94974208920231 -0.66444821675 5.39914747 1.70029804451386 0.99
"131" 2 10 11 1.78861027357992 -1.3516969975 4.2849379125 1.44725945983332 0.993333333333333
"132" 2 10 12 1.88749551169982 -1.7096732575 4.36026386 1.59768703223072 0.97
"133" 2 10 13 2.14417200725572 -0.1007237859 7.276386975 2.06521321737948 1
"134" 2 10 14 2.16487804656207 0.67310128975 8.1567075 2.10842139479917 1
"135" 2 10 15 1.84901701037689 -0.40863409375 5.847314 1.53737816790555 0.993333333333333
"136" 2 12 1 2.07019269046653 -6.0509180575 0.814503990249999 1.91794472557205 NA
"137" 2 12 2 1.55261774873766 -4.7102570475 0.0509074983374975 1.14302609581121 0.536666666666667
"138" 2 12 3 1.50838506668339 -4.9343442625 -0.541985166250005 1.09356886242639 0.563333333333333
"139" 2 12 4 1.71920097092228 -4.225296225 1.1306451075 1.35021310792941 0.796666666666667
"140" 2 12 5 2.03960251837224 -3.1922666675 3.7162211475 1.86016275236308 0.906666666666667
"141" 2 12 6 1.62015748095658 -1.4225196175 3.313722265 1.22289249207584 0.966666666666667
"142" 2 12 7 2.37775636103001 -5.8303678425 2.18221558 2.6086108227681 0.546666666666667
"143" 2 12 8 1.50710065674808 0.14570610625 3.907331135 1.09216517336361 1
"144" 2 12 9 1.53956530364764 -1.83271927 1.7338479475 1.12820375479036 0.75
"145" 2 12 10 1.50855877079757 -0.2277232785 3.4272769575 1.09375883633608 1
"146" 2 12 11 1.8431149848722 -2.443109715 3.474074065 1.52833124659001 0.953333333333333
"147" 2 12 12 1.84922592927649 0.69747814475 5.84356611 1.53769938881405 1
"148" 2 12 13 1.99986097033616 0.6586368065 7.35209896 1.78768669901191 1
"149" 2 12 14 2.25563395783817 0.158005065775001 10.6810273 2.30872500122627 1
"150" 2 12 15 2.48194379003954 -1.0775601625 6.8791421325 2.89505832270717 1
"151" 2 15 1 2.00514886318574 -4.716742395 1.2456812225 1.79716483231609 NA
"152" 2 15 2 1.83852760667826 -4.3571232775 0.895295578249997 1.52133626972533 0.506666666666667
"153" 2 15 3 2.07836146169818 -5.6463409325 0.33319228 1.93367614296699 0.36
"154" 2 15 4 1.61457484146666 -3.047068285 1.369371075 1.21608454499605 0.736666666666667
"155" 2 15 5 1.89755259718858 -4.4633114475 0.837065596999997 1.61383617785034 0.55
"156" 2 15 6 2.2311151695297 -2.2973536575 4.4034030575 2.25280619372943 0.993333333333333
"157" 2 15 7 1.96155282897744 -3.041450315 1.901709995 1.72049888084501 0.666666666666667
"158" 2 15 8 2.18145901815385 -5.5295839175 1.71743325 2.14367251130583 0.683333333333333
"159" 2 15 9 2.1237914981033 -3.4598693975 3.0185152975 2.02354913029588 0.94
"160" 2 15 10 1.82984963860655 -1.430398365 3.9170798375 1.50819128054106 0.68
"161" 2 15 11 1.50131486534692 0.0827334150750002 3.8711637875 1.08586437861374 1
"162" 2 15 12 2.1886014446472 -0.8976282025 7.11198184 2.15903834398588 1
"163" 2 15 13 2.12125369086553 0.52840067275 6.23494228 2.01842026345743 1
"164" 2 15 14 1.9552069806205 1.5198279575 7.327578135 1.7096154247527 1
"165" 2 15 15 2.29507201581429 -1.03440828 6.205002035 2.40159591899474 0.71
"166" 2 20 1 1.44255130973873 -5.4583118725 -1.2017456925 1.02389376542577 NA
"167" 2 20 2 2.36586060815983 -5.46209455 2.5654147875 2.57776327425895 0.766666666666667
"168" 2 20 3 2.05182790660698 -5.9005159425 1.4533929325 1.88304354248192 0.783333333333333
"169" 2 20 4 1.79634747515885 -3.4029711925 1.87472636499999 1.45850062953035 0.953333333333333
"170" 2 20 5 2.01334619450999 -3.1509070425 3.364517195 1.81195733457867 0.96
"171" 2 20 6 1.68296692529005 -1.95807849 3.4668436625 1.30216516696065 0.97
"172" 2 20 7 1.85543527052881 -3.698961205 1.4003600675 1.54727719422038 0.96
"173" 2 20 8 2.04324621097362 -4.5090014275 3.6237568875 1.86695297685406 0.936666666666667
"174" 2 20 9 1.6654558358856 -3.736541725 1.5648729625 1.27956132286736 0.956666666666667
"175" 2 20 10 1.68989816455736 -0.4576513245 5.14409973999999 1.31122213705217 1
"176" 2 20 11 2.34049302239612 -2.22118155 5.9525002575 2.51319408806784 0.996666666666667
"177" 2 20 12 1.68111304967222 -1.258544555 5.03691572249999 1.29975335100139 0.99
"178" 2 20 13 1.7167788389258 0.974615391 6.14560618249999 1.34694667102624 1
"179" 2 20 14 1.52192414124157 1.742865595 6.200235385 1.10847545582335 1
"180" 2 20 15 2.0869984400043 0.12023381225 7.1237904925 1.9504495935581 1
"181" 3 4 1 2.05409185951207 -6.852871215 0.883038868999997 1.88731149377776 NA
"182" 3 4 2 1.81738273636406 -5.0153812 1.1373052325 1.48950552603765 0.903333333333333
"183" 3 4 3 2.1779020702677 -4.58052837 3.01825447 2.13606112457597 0.963333333333333
"184" 3 4 4 2.2288152203325 -6.278805325 1.039511045 2.24763080777646 0.723333333333333
"185" 3 4 5 1.65950600534174 -3.67890004 1.01289636 1.27197075351897 0.776666666666667
"186" 3 4 6 1.9478456257854 -2.223921545 2.74197211 1.69707654716606 1
"187" 3 4 7 1.82480377003206 -2.5490901875 3.45613937249999 1.50060031317209 0.98
"188" 3 4 8 1.627793964558 -3.957828305 1.157083365 1.23226683850321 0.863333333333333
"189" 3 4 9 1.49324140970509 -2.7062432325 1.5917602625 1.07713299436808 0.89
"190" 3 4 10 1.42568187985368 -0.5127629445 4.0440018475 1.00676613420369 1
"191" 3 4 11 1.91454857315467 -1.8026908025 3.4153865575 1.64149931383753 0.876666666666667
"192" 3 4 12 1.94049228171953 -0.66149722025 5.5884107675 1.68464312903394 0.973333333333333
"193" 3 4 13 2.07864547855937 -2.21736746 3.66444861 1.9342254175936 1
"194" 3 4 14 2.50354824268728 0.924434602 9.95024101 2.95828500281296 1
"195" 3 4 15 1.06392411393337 1.509958445 4.0809592875 0.701163332871358 1
"196" 3 6 1 1.86844080695092 -4.79074451 0.0842152732 1.56753178956925 NA
"197" 3 6 2 1.52182429745557 -5.88618503 -1.83624864 1.10836478696204 0.25
"198" 3 6 3 1.59380763219124 -0.8140132745 3.814757675 1.19109029148095 0.873333333333333
"199" 3 6 4 1.73036148640293 -4.9835413425 0.00213057962499936 1.36536658524259 0.496666666666667
"200" 3 6 5 1.49494051147236 -4.311800615 -0.0338601471350014 1.0789647086362 0.516666666666667
"201" 3 6 6 1.80426731823751 -1.9884967175 3.4567074875 1.47009758807514 0.883333333333333
"202" 3 6 7 2.20771849305595 -3.0524617075 2.785636565 2.2007098333612 0.923333333333333
"203" 3 6 8 1.85844372153873 -4.3927068825 0.56026524975 1.55193911091579 0.57
"204" 3 6 9 2.28151315333607 -1.305443985 5.6427726175 2.36925277383241 1
"205" 3 6 10 2.12694494952059 0.25904507425 6.0005731025 2.02994036609823 1
"206" 3 6 11 1.61653227427855 -1.08964314 2.323739845 1.21846728004754 1
"207" 3 6 12 0.860361770357181 2.7202414775 5.05444376499999 0.572022608606569 1
"208" 3 6 13 1.67052597484662 -0.5130328005 4.22174571 1.28606535081332 1
"209" 3 6 14 2.38894785355989 0.2933967765 7.67630833 2.63796904604814 1
"210" 3 6 15 1.73308760498171 1.6647761175 6.4105452475 1.36909381458374 1
"211" 3 10 1 2.06390882708643 -5.9431290125 0.296420526249996 1.90593041063684 NA
"212" 3 10 2 1.60944122122394 -2.7125769075 1.636280735 1.20985762575372 0.873333333333333
"213" 3 10 3 1.36173730175535 -3.441831995 -0.76035533275 0.944404006456884 0.816666666666667
"214" 3 10 4 1.37962536682346 -4.2429037425 -0.16608733225 0.96144956831321 0.876666666666667
"215" 3 10 5 2.03909511199547 -4.48950801 0.627032211 1.8592191333401 0.546666666666667
"216" 3 10 6 1.65957640033985 -1.70276807 2.78392762 1.27206029704944 1
"217" 3 10 7 1.73353129486816 -2.9629536925 3.077321555 1.3697014024432 0.97
"218" 3 10 8 1.76029690130009 -4.5498213625 0.90233056275 1.40685732331272 0.876666666666667
"219" 3 10 9 1.38489294775635 -1.2858824 1.8749824025 0.966527444046398 0.996666666666667
"220" 3 10 10 1.20919918073426 2.147369155 5.0076905625 0.810795550288201 1
"221" 3 10 11 1.7988898540481 0.30014025 5.413424065 1.46221340838628 1
"222" 3 10 12 2.01836596972774 -1.662852785 3.9496828225 1.82107582032942 0.983333333333333
"223" 3 10 13 1.75046134623714 1.829250065 6.083717765 1.39308792647593 1
"224" 3 10 14 1.33487121436438 1.589670575 5.4773577325 0.919369363132543 1
"225" 3 10 15 1.20848405014445 1.271384615 4.423903905 0.81021593286388 1
"226" 3 12 1 1.96802368841638 -6.052483985 0.0661069206999993 1.73166808547132 NA
"227" 3 12 2 1.83959293491186 -3.4580498075 1.80779754 1.52295785581362 0.66
"228" 3 12 3 1.84312419220086 -5.5420193775 0.626745602499999 1.52834531850287 0.713333333333333
"229" 3 12 4 1.57172887515643 -5.11508662 -0.934388468750002 1.1650806847921 0.46
"230" 3 12 5 1.91860736716043 -3.91041758 2.27892201249999 1.64817536059729 0.773333333333333
"231" 3 12 6 1.69778995589712 -1.869066625 3.2860933175 1.32161096788215 0.97
"232" 3 12 7 2.1095401541084 -4.9158472325 1.5506049275 1.99491535506673 0.646666666666667
"233" 3 12 8 2.17850578115275 -3.0155991825 4.5356785025 2.13735107726808 0.956666666666667
"234" 3 12 9 1.87467128860233 -2.0384224025 4.3758318225 1.57732875583918 0.976666666666667
"235" 3 12 10 1.72077341701392 -2.4821163775 3.0817947725 1.35233791538863 0.983333333333333
"236" 3 12 11 2.00966536800033 -0.58388489575 6.33524625 1.80530009357805 1
"237" 3 12 12 1.87162926179703 -1.165448095 4.10349287 1.57253777033095 1
"238" 3 12 13 1.68089877226991 1.4479557875 6.05531356 1.29947487306652 1
"239" 3 12 14 1.73234575533058 -0.19180536875 5.9333440975 1.36807852945604 1
"240" 3 12 15 1.94937927480145 -0.0790576185999999 6.4970521575 1.69968126379279 1
"241" 3 15 1 1.83985224503451 -4.102816235 1.1828609 1.5233528254096 NA
"242" 3 15 2 2.08571941519943 -4.776971755 2.26740603249999 1.94795651484193 0.703333333333333
"243" 3 15 3 2.01256059214085 -4.5528256425 1.2780788675 1.8105344156013 0.43
"244" 3 15 4 1.8542911919027 -3.7600352425 1.82818240999999 1.5455079996956 0.623333333333333
"245" 3 15 5 2.1239812186229 -5.4376157575 0.666785934749999 2.02393307550833 0.346666666666667
"246" 3 15 6 1.2210246995358 -1.0712158825 1.85278067 0.820440544443805 0.926666666666667
"247" 3 15 7 2.10788382604111 -4.336580285 4.213304405 1.99161385571007 0.783333333333333
"248" 3 15 8 2.35678639547141 -3.6069135875 3.3890530675 2.55447791000061 0.48
"249" 3 15 9 1.96533135334126 -3.09818114 2.76054469499999 1.72701212526128 0.823333333333333
"250" 3 15 10 1.82918662383455 -1.6343800325 4.3920966525 1.50719165886164 0.893333333333333
"251" 3 15 11 2.20697587666744 -3.1704810975 5.01575910749999 2.19907615684514 0.96
"252" 3 15 12 1.45237028467938 2.57921 6.1186761425 1.03399687255641 1
"253" 3 15 13 1.85594028666839 -0.47377641025 5.82088224 1.54805879151888 0.966666666666667
"254" 3 15 14 1.8620655569249 1.35435791 7.373316315 1.55757017013411 1
"255" 3 15 15 1.82314494895323 -0.35836954075 6.21611684999999 1.49811314919205 0.956666666666667
"256" 3 20 1 2.02525038606003 -7.594273925 -0.183115838 1.83365611876815 NA
"257" 3 20 2 2.17246146543933 -4.70933568 2.5685199925 2.12447121675075 0.77
"258" 3 20 3 1.94266039033738 -3.555063655 2.43235059 1.68829958067984 0.836666666666667
"259" 3 20 4 1.98074441884767 -5.172330105 1.8701831975 1.75383687101582 0.773333333333333
"260" 3 20 5 1.87040013469785 -2.8361771325 3.05512598 1.57060610891484 0.913333333333333
"261" 3 20 6 1.9661558902985 -3.6134075175 3.200969035 1.72843669780982 0.9
"262" 3 20 7 1.89394941489216 -3.105596855 2.9907493725 1.60803169548896 0.966666666666667
"263" 3 20 8 2.00873499663136 -3.825760535 4.40855477 1.803621275142 0.903333333333333
"264" 3 20 9 1.52394049043989 -2.6805674675 1.30452341 1.11071278427976 0.89
"265" 3 20 10 1.95765106262438 -1.5868766775 5.0582943025 1.71379897543381 0.96
"266" 3 20 11 2.05226030322708 -1.45374985 5.88267595249999 1.88385794020392 0.983333333333333
"267" 3 20 12 1.88719752002727 -1.856856455 3.47657809 1.59721100572926 0.946666666666667
"268" 3 20 13 2.07016135400384 -2.26663356 5.202839165 1.91788462491041 0.993333333333333
"269" 3 20 14 1.9034623260514 0.78218070275 6.9585095025 1.62340174921734 0.993333333333333
"270" 3 20 15 2.17616578567067 -0.421516966 7.428117315 2.13235553245924 1
"271" 4 4 1 1.91651076053096 -6.8072141075 -0.319484378500001 1.64472340517054 NA
"272" 4 4 2 1.01153932261359 -0.94995638325 1.3515476275 0.665378511125362 0.993333333333333
"273" 4 4 3 1.91212186180607 -5.2663313025 1.2939951875 1.6375206982522 0.55
"274" 4 4 4 1.64749597459266 -4.153770495 1.1381746075 1.2567857145744 0.833333333333333
"275" 4 4 5 1.60622012644034 -4.4204229775 -0.633380043500002 1.20596682934257 0.546666666666667
"276" 4 4 6 2.28503359603909 -2.4921791675 5.51538376999999 2.37760829140257 0.973333333333333
"277" 4 4 7 1.56186849930948 -1.737295805 2.58506693249999 1.15364900430331 0.96
"278" 4 4 8 2.08345285179203 -3.597310025 2.3498884275 1.94354634773589 0.913333333333333
"279" 4 4 9 1.6999055702537 -3.3766907825 0.85187866875 1.32440994675558 0.89
"280" 4 4 10 1.32194686769844 -1.66347958 1.7604680025 0.907563570184669 0.983333333333333
"281" 4 4 11 1.98798596198979 -1.1707826425 4.7437748325 1.76658345314126 1
"282" 4 4 12 1.93845451295444 -1.4056696925 3.684673115 1.68121371125222 1
"283" 4 4 13 1.65978627709493 -0.026100491925 3.5241538325 1.27232730095482 1
"284" 4 4 14 2.24517594056811 0.892269975 9.4178681675 2.28470612909327 1
"285" 4 4 15 1.55312954836023 0.6495220545 5.1979649 1.14361124586265 1
"286" 4 6 1 1.72054709699896 -7.21974719 -1.5341071975 1.35203188888266 NA
"287" 4 6 2 1.56527930545495 -4.5052974825 0.232132623249999 1.15759059559756 0.803333333333333
"288" 4 6 3 1.80459607510335 -5.5592249775 0.00098654560749991 1.47058097220426 0.933333333333333
"289" 4 6 4 1.96762549546211 -3.6100103925 2.5687965675 1.73097868470692 0.953333333333333
"290" 4 6 5 2.14942498673908 -5.612513845 1.0321252975 2.07609028353018 0.533333333333333
"291" 4 6 6 2.00397141173987 -1.8368409325 5.5956877975 1.7950500032844 0.98
"292" 4 6 7 1.63090113563183 -0.84583668525 3.68347599 1.23610165701234 1
"293" 4 6 8 2.03065420232793 -3.46016958 4.1928335125 1.84359168032953 0.96
"294" 4 6 9 1.58527274525092 -1.6924990825 3.61618918 1.18096772941634 0.996666666666667
"295" 4 6 10 1.96032996847047 -1.6719665975 5.082187995 1.71839623659365 1
"296" 4 6 11 1.56128301145463 0.862511422 5.60245145 1.15297375451709 1
"297" 4 6 12 1.49861882567499 0.73447181425 4.7836962425 1.08294078799968 1
"298" 4 6 13 1.65453097764058 -0.0256042358649999 5.6806260725 1.26565837892413 1
"299" 4 6 14 1.8778725987863 1.485907615 7.1018551575 1.58238636561821 1
"300" 4 6 15 1.90611183462014 -0.97431564275 5.346223565 1.62770866915353 1
"301" 4 10 1 1.77576152668974 -6.9640830725 -1.381444695 1.4287829435803 NA
"302" 4 10 2 1.78660401738074 -5.4028840925 -0.77543933025 1.44435879727927 0.663333333333333
"303" 4 10 3 1.79607349239346 -3.21149172 1.6255179075 1.45810108023187 0.916666666666667
"304" 4 10 4 1.47624849296592 -1.543780045 2.6224393375 1.0589840019582 1
"305" 4 10 5 1.56800000489584 -4.27967035 0.46752504325 1.16074433993363 0.836666666666667
"306" 4 10 6 1.46783768984242 -3.5997917675 1.4949668375 1.05011444832862 0.943333333333333
"307" 4 10 7 2.0740211327942 -2.988470395 3.5800215 1.92530153992559 0.95
"308" 4 10 8 2.29267946457981 -4.347205155 3.101297625 2.39585684596485 0.923333333333333
"309" 4 10 9 1.91854950446491 -2.859472405 3.2331763725 1.64807999548731 1
"310" 4 10 10 1.98621646739928 0.37458695025 5.338939575 1.76346025733121 1
"311" 4 10 11 1.87594509278649 -0.126042927 4.98509468 1.57933924402045 1
"312" 4 10 12 1.80735719564708 -1.3688632525 4.8734494525 1.47464703439852 1
"313" 4 10 13 1.98431370652116 0.29997013625 6.73019025 1.76010800442268 1
"314" 4 10 14 1.93517739697588 1.5182281525 6.658240305 1.67571319677037 1
"315" 4 10 15 1.9151137505341 -0.024077019975 5.8756761775 1.6424273143358 1
"316" 4 12 1 2.39584923742948 -8.227008905 0.172772368249999 2.65623764988522 NA
"317" 4 12 2 1.97186879841463 -3.76555936 2.8769572625 1.73833935740813 0.886666666666667
"318" 4 12 3 1.56078334988121 -4.7908644475 -0.328934855750001 1.15239780173952 0.77
"319" 4 12 4 1.74089849574486 -3.8257278525 0.39720377625 1.37982952998194 0.84
"320" 4 12 5 1.85922679193633 -3.6524187475 2.5790877925 1.55315486444061 0.89
"321" 4 12 6 1.96636263426153 -4.7207503675 1.79271711 1.72879407860445 0.923333333333333
"322" 4 12 7 1.62869517390498 -1.3823428525 3.2555399375 1.23337786945658 1
"323" 4 12 8 2.22731542053173 -4.4063669325 3.819480165 2.24426233818519 0.996666666666667
"324" 4 12 9 1.82757729067073 -4.7391754375 1.1456899675 1.50476803607215 0.843333333333333
"325" 4 12 10 1.50824190201175 0.624357896 4.84926661 1.09341231320571 1
"326" 4 12 11 1.88804616773919 -3.539431905 2.220043875 1.5985670505155 0.82
"327" 4 12 12 2.2168497216663 -2.852867565 6.6290234475 2.22089704470941 0.99
"328" 4 12 13 1.6451520525318 2.5312230775 7.27763983 1.25384335648834 1
"329" 4 12 14 1.85902901200707 1.192862615 8.5331871475 1.55284771195668 1
"330" 4 12 15 2.0728280938589 -0.0543304134499998 7.843375835 1.9230059498627 1
"331" 4 15 1 1.73583538166629 -7.3569160025 -2.6332698575 1.37286095190225 NA
"332" 4 15 2 2.16530049367101 -3.513031105 2.46015956 2.10931227948442 1
"333" 4 15 3 1.84451218942689 -3.979938015 1.8357004125 1.53046813045312 1
"334" 4 15 4 2.34089770279304 -3.597172785 3.57544542 2.51421133426485 1
"335" 4 15 5 1.735192530446 -3.6279191275 1.9747393 1.37197869017593 0.933333333333333
"336" 4 15 6 2.07321884990122 -1.306094425 3.422935795 1.92375752288833 1
"337" 4 15 7 1.42408286893535 -2.322703495 1.5370375575 1.00515759054506 1
"338" 4 15 8 1.52933943109085 -0.82591428325 2.80801227 1.11672567369331 1
"339" 4 15 9 1.94463275330373 -3.0085202075 2.3469223975 1.69163280633372 1
"340" 4 15 10 0.995503634438883 1.086036125 3.55302508 0.654793802163574 1
"341" 4 15 11 2.00681699835899 -1.853802605 3.7019990625 1.80016524803875 1
"342" 4 15 12 1.76260936898791 -3.6957420825 2.1747659325 1.410114399905 0.97
"343" 4 15 13 1.35574710326477 2.4299727325 5.458846615 0.938763748999282 1
"344" 4 15 14 1.2574040606566 2.037006595 4.8583462525 0.850837200433524 1
"345" 4 15 15 1.8855399117764 -0.545760187 4.86269065 1.59456564867634 1
"346" 4 20 1 1.81451112230349 -5.205840765 0.0325109611999998 1.48523437650736 NA
"347" 4 20 2 1.6670218923264 -2.59853431 2.75106435 1.28156675802088 0.916666666666667
"348" 4 20 3 2.21797322502897 -7.3167483425 0.0921352176499998 2.22339363220691 0.586666666666667
"349" 4 20 4 2.20702764550481 -4.20662584 3.2730199 2.19919000340791 0.856666666666667
"350" 4 20 5 1.36827182508659 -4.706403515 -1.06351372 0.950595443484872 0.563333333333333
"351" 4 20 6 1.61703213378492 -1.3814841425 3.3433405325 1.21907649474888 0.996666666666667
"352" 4 20 7 1.65463154606882 -0.8283479 4.027054465 1.26578567059864 0.976666666666667
"353" 4 20 8 1.88516871584513 -3.4184991375 2.693332745 1.59397386223657 0.876666666666667
"354" 4 20 9 1.93824398378929 -3.5167417475 2.13440791 1.68085980398835 0.846666666666667
"355" 4 20 10 1.82792091693316 -2.2700872025 3.8298034175 1.50528520273915 0.963333333333333
"356" 4 20 11 1.82110543418519 0.1470780085 5.531636695 1.495060838974 0.993333333333333
"357" 4 20 12 1.70684693038904 -0.36554409725 5.18866839 1.33363513379461 1
"358" 4 20 13 1.8553262707111 -1.1924714125 5.002749595 1.5471085504795 1
"359" 4 20 14 2.05894414048088 0.74026306625 7.0334145075 1.89649151342688 1
"360" 4 20 15 1.83353713234012 1.174693055 7.318530595 1.51376299295088 1
"361" 5 4 1 2.19252554584183 -7.291483525 1.6054005175 2.16752727374736 NA
"362" 5 4 2 1.91666338556036 -4.7654964275 0.978187161249998 1.64497445028601 0.67
"363" 5 4 3 1.92993963168395 -4.12314133 1.7349126925 1.66695915018312 0.793333333333333
"364" 5 4 4 2.23488332950776 -6.5959306875 1.0769880775 2.26131114180593 0.473333333333333
"365" 5 4 5 1.98976644123046 -5.5259150925 1.4154528175 1.76973162009777 0.73
"366" 5 4 6 1.59369693992625 -3.38559202 0.9289101835 1.19095845429559 0.806666666666667
"367" 5 4 7 1.69586346351539 -1.7842675275 3.83917283249999 1.31906734534234 0.903333333333333
"368" 5 4 8 1.68300651078897 -1.641952385 3.24984715 1.30221671483873 0.986666666666667
"369" 5 4 9 1.77130863687698 -1.2700135725 4.6556908575 1.42243487468109 0.976666666666667
"370" 5 4 10 1.83079383899329 -1.7391252275 4.34049569 1.50961598783015 1
"371" 5 4 11 1.80572224118345 -1.5245459875 4.200399 1.47223802349553 0.93
"372" 5 4 12 1.79853456407269 -1.07882229475 4.0442961225 1.46169399089773 0.98
"373" 5 4 13 1.69885760798443 1.8540452775 6.7523876275 1.32302274209836 1
"374" 5 4 14 1.92391645798741 0.4379957625 6.4852435175 1.65694894254922 1
"375" 5 4 15 1.84946504742653 -0.49581343425 5.35450708 1.53806712461162 0.946666666666667
"376" 5 6 1 1.77585261055968 -4.908366145 1.319295275 1.42891308858707 NA
"377" 5 6 2 1.47963336639661 -4.34581202 -0.210300600250002 1.0625746022054 0.456666666666667
"378" 5 6 3 1.81797413978176 -3.7911025 1.5197368825 1.49038668523104 0.77
"379" 5 6 4 1.5660833423136 -2.706316495 1.01438825 1.1585217153808 0.666666666666667
"380" 5 6 5 2.04423402504206 -4.8442092675 1.75153953 1.86879809043426 0.426666666666667
"381" 5 6 6 1.88397822388367 -4.229599975 1.31029915 1.59207737826523 0.586666666666667
"382" 5 6 7 1.63879875881411 -3.6995746575 0.952540328249999 1.24590257314343 0.56
"383" 5 6 8 1.070577343597 -1.97745316 0.62710656325 0.705843886690859 0.76
"384" 5 6 9 1.40436069219208 0.37627053525 3.8349104925 0.985527901256765 0.996666666666667
"385" 5 6 10 1.50847690757571 0.26371312075 4.2496791325 1.09366930137866 0.993333333333333
"386" 5 6 11 1.17264013826189 -0.1974274045 2.72435349 0.781688938095448 0.98
"387" 5 6 12 1.99750635007665 -0.4429272035 5.86463277 1.78348232748444 0.986666666666667
"388" 5 6 13 1.95628617155563 -0.95014577575 5.364769135 1.71146142213432 0.94
"389" 5 6 14 1.12899862610856 1.182913585 4.16019007 0.748308534260287 1
"390" 5 6 15 2.28255321804042 -0.9795009905 6.801142855 2.37171823191388 0.98
"391" 5 10 1 1.93845892175314 -5.612301545 -0.2726274515 1.68122112340138 NA
"392" 5 10 2 1.56836108687918 -3.03858072 1.1450693325 1.16116353948019 0.926666666666667
"393" 5 10 3 1.53635721771379 -4.347370825 0.418378085749997 1.12459017962312 0.746666666666667
"394" 5 10 4 1.92743423576606 -5.887824335 0.0613806718499997 1.66278798492504 0.366666666666667
"395" 5 10 5 1.69582213348363 -5.0910382425 0.49665807225 1.31901282937364 0.8
"396" 5 10 6 1.93282173819501 -2.42553124 3.0624366475 1.6717704339893 0.953333333333333
"397" 5 10 7 1.77482979662465 -5.07682403 0.515354225 1.42745232354088 0.813333333333333
"398" 5 10 8 2.09402730935398 -2.462318075 4.190280975 1.96420734299427 0.97
"399" 5 10 9 1.64099631676055 -2.9735173925 2.0030815375 1.24864352684275 0.89
"400" 5 10 10 2.17218609462755 -2.4303128525 5.3030126175 2.12388627992814 0.953333333333333
"401" 5 10 11 1.53023929955595 -2.7714930775 1.6149345675 1.11773103218859 0.93
"402" 5 10 12 1.82481881062482 -0.35766780875 4.6903916225 1.50062288326004 1
"403" 5 10 13 1.58325271953466 1.3988372275 6.65458283 1.17858455208298 1
"404" 5 10 14 2.018410628952 -0.337965397 6.40808498 1.8211571499789 1
"405" 5 10 15 1.90963201912303 -1.14025957 4.120179135 1.63344860086796 0.993333333333333
"406" 5 12 1 2.08129133557759 -5.6277263775 0.288814082499998 1.93934987779454 NA
"407" 5 12 2 1.35354221559248 -4.1280919125 0.533269867499999 0.936696160619625 0.61
"408" 5 12 3 1.66460708553491 -4.70231152 0.720791067249999 1.27847575549886 0.6
"409" 5 12 4 1.66757064484277 -1.563604505 2.4520796725 1.28227021399821 0.916666666666667
"410" 5 12 5 2.22644220466417 -5.771870245 0.8798446445 2.24230346808323 0.7
"411" 5 12 6 1.54759401317295 -1.6056456575 2.7226118675 1.13729823463883 0.946666666666667
"412" 5 12 7 1.78785277994135 -3.890183975 2.365537195 1.4461635851106 0.826666666666667
"413" 5 12 8 1.36157593663953 -0.263240751 3.35798942 0.944251624889864 0.97
"414" 5 12 9 1.75245992477294 -2.4968985275 1.768244165 1.3958749061755 0.823333333333333
"415" 5 12 10 1.30532164523227 -0.88945883975 2.484281565 0.892599856125888 0.946666666666667
"416" 5 12 11 2.25435677352967 -0.085358710025 5.818122785 2.3057782160765 1
"417" 5 12 12 1.7160155566935 -1.40406215 3.203026505 1.34591896282998 0.946666666666667
"418" 5 12 13 1.99746237295658 0.318246392 6.2067767575 1.78340389679258 0.98
"419" 5 12 14 1.43891944254411 0.82166172825 4.86780461999999 1.02018186389518 1
"420" 5 12 15 1.73999933800217 -0.284803055 5.48012042 1.37858940319483 1
"421" 5 15 1 2.08664848308265 -5.9926744825 1.0407529225 1.94976713964422 NA
"422" 5 15 2 2.4505878148207 -6.279493595 3.4734143575 2.80568939281217 0.53
"423" 5 15 3 1.53958555279384 -4.0514009575 -0.175504185 1.12822660018444 0.636666666666667
"424" 5 15 4 1.9341686896466 -5.17318646 0.933785901999999 1.67402374481156 0.766666666666667
"425" 5 15 5 1.72302024036108 -3.5098777425 1.0314111555 1.35537979579446 0.786666666666667
"426" 5 15 6 2.01544427724614 -2.8186955725 3.6087463825 1.81576296184542 0.933333333333333
"427" 5 15 7 1.86992983628221 -1.863499635 3.736211695 1.56986762901679 0.886666666666667
"428" 5 15 8 1.90674848636786 -1.744580015 3.8833520275 1.62874528266841 1
"429" 5 15 9 2.01153756683204 -2.723177835 3.852026765 1.80868314018393 0.963333333333333
"430" 5 15 10 1.72838595298074 -1.305090635 4.3045912175 1.36267192049641 0.993333333333333
"431" 5 15 11 1.56003310152709 0.47570040375 4.6293431875 1.15153354143095 1
"432" 5 15 12 2.04161659390856 -1.1998993025 5.2400680775 1.86391303606576 0.876666666666667
"433" 5 15 13 1.87363566332432 1.13519225 6.9478772475 1.57569607987408 1
"434" 5 15 14 2.06620046200479 -1.0465478625 6.3230376675 1.91030311572601 0.996666666666667
"435" 5 15 15 2.20411425818959 -0.90169737375 6.47973518 2.19279223526176 0.97
"436" 5 20 1 1.80136546042479 -5.7339386025 0.5070101085 1.46583775760415 NA
"437" 5 20 2 2.18226504079362 -4.26270127 4.20802512 2.14540105641186 0.47
"438" 5 20 3 2.43547697948055 -5.4831349 2.372249575 2.76361179684801 0.55
"439" 5 20 4 1.56942181718311 -2.8915706625 1.4645642225 1.16239587430623 0.856666666666667
"440" 5 20 5 1.69593796728681 -3.721946645 1.57425568 1.31916562449536 0.846666666666667
"441" 5 20 6 1.65578562222865 -2.8124432425 3.05616154499999 1.26724732693367 0.92
"442" 5 20 7 1.73824735870553 -1.5993565875 4.402377245 1.37617625760966 0.93
"443" 5 20 8 1.74303141301343 -3.8498697425 2.0082617025 1.38277573310095 0.773333333333333
"444" 5 20 9 1.70565403354351 -3.0287218425 2.697998815 1.33204519315654 0.96
"445" 5 20 10 1.81259467873774 -2.93215205 2.7057318225 1.48239073435307 0.92
"446" 5 20 11 1.67715736530968 -0.85744634375 4.2390209275 1.29462209250609 0.963333333333333
"447" 5 20 12 1.71288359387565 -0.879901155 3.634172475 1.34171018898454 0.946666666666667
"448" 5 20 13 1.54594624865905 2.305628605 6.4850958775 1.13542577807348 1
"449" 5 20 14 1.72618615592399 -0.0659052560249999 5.717024895 1.35967761345778 1
"450" 5 20 15 1.99993156424265 -0.0786460102499999 4.9337972 1.78781290325415 0.996666666666667
"451" 6 4 1 1.76372287408156 -4.652510535 0.554679574249996 1.4116854439924 NA
"452" 6 4 2 1.80228356708401 -5.2305305875 0.2128163955 1.46718417099172 0.526666666666667
"453" 6 4 3 1.96742773174501 -4.5385531375 3.05978941249999 1.73063639377549 0.843333333333333
"454" 6 4 4 1.95478627844503 -4.57864363 1.3852618325 1.70889633709576 0.766666666666667
"455" 6 4 5 2.27154081791996 -5.4922300425 2.96527246 2.34574320795467 0.623333333333333
"456" 6 4 6 1.91231607758936 -4.64619236 2.0280757775 1.63783876150271 0.603333333333333
"457" 6 4 7 1.95011689433388 -2.7156248075 4.0659274125 1.70093544438906 0.826666666666667
"458" 6 4 8 1.68559018436695 -2.46268451 2.83041434249999 1.30558556789194 0.883333333333333
"459" 6 4 9 2.01620903196381 -4.167455095 3.623048725 1.81715210624632 0.863333333333333
"460" 6 4 10 2.17561974746723 -2.7425080875 5.03607174249999 2.13119150270649 0.79
"461" 6 4 11 1.89540960825615 -1.654047845 4.9858416325 1.61038144782868 0.98
"462" 6 4 12 2.11421043227753 -3.5631064525 4.11354458249999 2.00425395465358 0.74
"463" 6 4 13 1.85972877860888 0.0944117817825003 5.92668369999999 1.55393472320593 1
"464" 6 4 14 1.94276089897706 -2.6628785375 3.44726213 1.68846927790194 0.733333333333333
"465" 6 4 15 1.93003462783674 0.3494040325 6.0739535575 1.66711751241102 0.99
"466" 6 6 1 1.33907899713414 -5.306362145 -1.703760465 0.923246020043023 NA
"467" 6 6 2 2.16082692984148 -4.495088375 1.92369425 2.09989721152128 0.666666666666667
"468" 6 6 3 2.61949113594099 -6.6260656 3.0052579625 3.32195213545805 0.546666666666667
"469" 6 6 4 1.46811705962868 -3.18976594 1.41227856249999 1.0504078595608 0.86
"470" 6 6 5 1.71604758424037 -6.0799078325 -0.713054034750001 1.34596207000295 0.69
"471" 6 6 6 2.08708801255408 -1.564183485 4.2259320075 1.95062430812611 0.996666666666667
"472" 6 6 7 2.0073794712005 -4.6855584325 2.3819046375 1.80117807691867 0.316666666666667
"473" 6 6 8 1.49137206335116 -2.8143588625 1.383147395 1.07512134055701 0.976666666666667
"474" 6 6 9 1.42474888995653 -2.58642101 1.3446068925 1.00582726961537 1
"475" 6 6 10 1.96692012089936 -1.2652662575 5.80098852 1.7297581268999 0.993333333333333
"476" 6 6 11 1.95289619155419 -2.036890525 4.1077740875 1.70566942506395 1
"477" 6 6 12 2.40880515744343 -1.1163932375 7.227775715 2.69087555083907 1
"478" 6 6 13 1.67071401035096 -0.00466126277499995 5.0507537725 1.28630719949754 1
"479" 6 6 14 2.08516470954936 -0.20795312625 5.2195085825 1.94687627199316 1
"480" 6 6 15 1.72105183592101 -0.0621866579249998 5.97498262 1.35271448425257 1
"481" 6 10 1 2.22069194290204 -7.5600910725 -1.224660445 2.22944663669104 NA
"482" 6 10 2 1.35385825138971 -3.0194273125 0.0478629351999997 0.936992236920403 0.73
"483" 6 10 3 1.7968498168456 -3.642112075 0.987291753999999 1.4592334792518 1
"484" 6 10 4 1.86257871887156 -4.283893865 -0.0559771270000032 1.55836966099129 0.666666666666667
"485" 6 10 5 2.31942961424175 -7.192547225 0.921614731249999 2.46081127223179 0.906666666666667
"486" 6 10 6 1.8637535375335 0.6657049655 5.251301725 1.56020153860252 1
"487" 6 10 7 1.96166472657229 -3.168395145 2.90549765 1.72069141130336 1
"488" 6 10 8 1.97827110920344 -3.6922249675 1.52609533749999 1.74950444928711 1
"489" 6 10 9 1.82125577851464 -2.202180175 2.6306178375 1.49528562979091 1
"490" 6 10 10 1.28382353585913 0.854984725 3.676159635 0.873615442454387 1
"491" 6 10 11 1.70974267309533 -0.23052628075 3.617700715 1.33750259488978 1
"492" 6 10 12 1.35099831279777 -0.70823986475 3.1051747825 0.934316324957537 1
"493" 6 10 13 2.10974345064494 0.6036169115 6.70536488 1.9953209556763 1
"494" 6 10 14 1.66409912032843 0.4941866835 6.13297166 1.2778264992115 1
"495" 6 10 15 1.81339343979323 0.71113431025 6.31044709 1.48357528336352 1
"496" 6 12 1 2.11822661635263 -5.813381465 0.662680900499999 2.01231959317182 NA
"497" 6 12 2 1.43215186006142 -3.09421975 0.423553692999999 1.01330100862373 0.75
"498" 6 12 3 1.85679922753125 -4.04151635 1.1831066325 1.54938905369951 0.703333333333333
"499" 6 12 4 1.46781214806244 -1.589087205 2.29770168 1.05008762687896 0.986666666666667
"500" 6 12 5 2.69072404495859 -6.3188676375 3.8383587675 3.56721618593128 0.493333333333333
"501" 6 12 6 2.00811128498911 -3.0541983275 3.24054072 1.80249668630052 0.873333333333333
"502" 6 12 7 1.86016337022013 -5.214064405 0.0979193348 1.55461019696805 0.566666666666667
"503" 6 12 8 2.0965710174077 -4.5437240975 1.6474022475 1.96921007307672 0.793333333333333
"504" 6 12 9 2.08088239838483 -5.2660804275 1.77254257 1.93855696763601 0.863333333333333
"505" 6 12 10 1.82746540619399 -1.6201104325 3.685180055 1.50459968530593 1
"506" 6 12 11 1.88624117552863 -2.0058621375 3.8131000625 1.59568425193842 0.85
"507" 6 12 12 1.89417089472831 -2.329678745 3.0457270475 1.60838788152795 0.946666666666667
"508" 6 12 13 2.05715082158916 -1.4055519325 5.0189508675 1.89309354709711 1
"509" 6 12 14 1.40228965398426 2.9482778975 6.499451985 0.983488947422823 1
"510" 6 12 15 1.74409364892475 0.1492455325 5.532508475 1.38424534754237 0.973333333333333
"511" 6 15 1 2.07491683282147 -6.36434726 -0.305179343500001 1.9270268051121 NA
"512" 6 15 2 1.83437888565293 -5.4255466475 0.673543723999999 1.51503774440286 0.54
"513" 6 15 3 1.98708565617426 -4.9910637025 1.45145093 1.76499370352257 0.61
"514" 6 15 4 1.57851588872179 -2.809192885 1.746917015 1.17301499789298 0.776666666666667
"515" 6 15 5 1.85165705945854 -3.5361031775 2.304948515 1.54144228409846 0.83
"516" 6 15 6 1.81586813512903 -3.57965991 2.8374758675 1.48725122674153 0.883333333333333
"517" 6 15 7 2.35932387119093 -4.1670535175 4.64843533 2.56096806649817 0.903333333333333
"518" 6 15 8 2.07595295558806 -1.9590887425 4.7359458525 1.92902447619422 0.99
"519" 6 15 9 1.8750985974525 -3.9131880425 1.33437986 1.57800290640118 0.873333333333333
"520" 6 15 10 1.92275913268717 -0.12746564875 5.5140464 1.65503242284909 1
"521" 6 15 11 1.91349930427003 -2.14143238 4.4168543425 1.6397778429842 0.993333333333333
"522" 6 15 12 2.15290834999362 -1.9631618225 5.06118926 2.08333467022698 0.99
"523" 6 15 13 1.56438669647879 2.96369286 7.5068463225 1.15655778085964 1
"524" 6 15 14 1.61149463744725 0.51374206025 5.3060671 1.21234451947045 1
"525" 6 15 15 1.8798357652793 -0.452041508 5.91329982 1.58549590478303 1
"526" 6 20 1 1.68313487117967 -6.8859174075 -1.563601075 1.30238387861339 NA
"527" 6 20 2 1.61458336370087 -4.99599445 -0.439688480750002 1.21609490879752 0.846666666666667
"528" 6 20 3 1.84023948976426 -4.810431405 1.53581591 1.52394284999737 0.916666666666667
"529" 6 20 4 1.82842395355027 -4.95272135 0.277988207249999 1.50604260680034 0.873333333333333
"530" 6 20 5 2.03208052749963 -4.3100211225 1.7775067525 1.84622311774614 0.896666666666667
"531" 6 20 6 2.3009367293362 -4.24938855 4.07718216 2.41572197319695 0.936666666666667
"532" 6 20 7 1.47622364247564 -4.339950265 -0.215619959250001 1.05895768601353 0.936666666666667
"533" 6 20 8 1.8923158298448 -2.8858260275 3.514838805 1.60540698338445 0.98
"534" 6 20 9 1.85217293962639 -1.6994098025 4.73709714 1.54223768875182 0.996666666666667
"535" 6 20 10 1.96090914266181 -1.6086909725 5.04000347 1.71939177561181 0.996666666666667
"536" 6 20 11 1.68244578372847 0.0817539908500001 4.90492618 1.30148673136795 1
"537" 6 20 12 1.55028442309714 1.978989815 6.7993870725 1.14036215284591 1
"538" 6 20 13 1.94063936453312 -0.043180034275 6.252642905 1.68489092930839 1
"539" 6 20 14 1.62696727949461 0.324318422 5.4655248675 1.23124856286833 1
"540" 6 20 15 1.52613882929717 1.4026268425 6.41987323 1.11315719318784 1
"541" 7 4 1 2.26507252535068 -6.73041956 0.509267186999999 2.33061922051178 NA
"542" 7 4 2 1.659059161408 -3.95454976 0.485791841749998 1.27140250807184 0.683333333333333
"543" 7 4 3 1.91180566221107 -4.59514081 1.1329589725 1.63700299672343 0.72
"544" 7 4 4 1.64075436349953 -3.18241802 1.02690407 1.2483414500153 0.75
"545" 7 4 5 1.92193734223132 -6.567258115 0.983014866999997 1.65367289170124 0.626666666666667
"546" 7 4 6 1.757565007546 -4.9506626925 1.25270243 1.40301918366022 0.736666666666667
"547" 7 4 7 1.62374104631462 -0.453523525 4.3602320775 1.22728266879146 0.996666666666667
"548" 7 4 8 1.99226878567435 -3.23238344 2.65828849 1.77416564359781 0.716666666666667
"549" 7 4 9 1.92387098647616 -4.50769195 1.25990424 1.65687360028972 0.743333333333333
"550" 7 4 10 1.9148821959136 -2.43316276 3.71010222 1.64204704673039 0.94
"551" 7 4 11 1.58281032078686 -1.4563568075 3.48292593749999 1.17806326307026 0.863333333333333
"552" 7 4 12 1.52696936014876 -0.45753651525 4.3586191125 1.11408208860337 0.98
"553" 7 4 13 1.8671928901624 -0.74134273475 5.51925868999999 1.56557686038069 0.943333333333333
"554" 7 4 14 1.79889605724814 1.262616775 8.1357869375 1.46222247881668 1
"555" 7 4 15 1.45229193419363 2.2585905025 5.589665275 1.03391586157284 1
"556" 7 6 1 2.19233449252935 -5.408709055 1.255926945 2.16711320003815 NA
"557" 7 6 2 1.83234410317541 -3.685096045 1.4036581725 1.51195810640705 0.686666666666667
"558" 7 6 3 2.19105075565484 -5.2827836 1.9702238475 2.16433298182815 0.453333333333333
"559" 7 6 4 1.85440414067601 -4.6436729275 0.5301464695 1.54568257278704 0.483333333333333
"560" 7 6 5 1.98631790888182 -6.472573375 -0.787466479000001 1.76363915442776 0.223333333333333
"561" 7 6 6 2.58389199019773 -5.8459740125 4.275065855 3.20577367338416 0.506666666666667
"562" 7 6 7 1.78391533009276 -0.8960268595 4.41360203 1.44048058412924 1
"563" 7 6 8 1.93250906309265 -2.5513650225 3.68628541 1.67124779471013 0.77
"564" 7 6 9 1.61042710830744 -3.1929513375 1.3437442375 1.21105099692776 0.66
"565" 7 6 10 2.12970559319884 -4.013190855 4.26950532 2.03555205050371 0.873333333333333
"566" 7 6 11 1.69873593934414 -0.8855585395 3.530961985 1.32286178151239 0.913333333333333
"567" 7 6 12 1.94006729097814 0.45566482225 6.1966410975 1.68392732341772 0.99
"568" 7 6 13 1.50545268881525 2.3138987675 6.8755182475 1.09036680241638 1
"569" 7 6 14 1.28926226435446 2.896730245 6.4068104325 0.878379743782018 1
"570" 7 6 15 1.94833693586051 1.3573725925 7.1154949275 1.69791054283039 0.99
"571" 7 10 1 1.88616708924221 -5.9676447025 -0.401930123750001 1.59556603799697 NA
"572" 7 10 2 1.96878360718476 -6.498530775 0.760031539999999 1.73298451267559 0.746666666666667
"573" 7 10 3 1.66571623661711 -2.9144133375 2.03234878 1.27989456495821 0.853333333333333
"574" 7 10 4 1.91487453508647 -4.16747483 1.860972905 1.64203446734001 0.876666666666667
"575" 7 10 5 1.51882202122102 -2.606819945 1.670355415 1.10504215992079 0.896666666666667
"576" 7 10 6 1.39241761227828 -1.8270853725 2.0365140625 0.973827670245406 0.95
"577" 7 10 7 1.91471849574803 -5.4550403 1.04441665 1.64177826535735 0.693333333333333
"578" 7 10 8 1.99608471874972 -4.9500883 2.9348028 1.78094867452361 0.77
"579" 7 10 9 2.26025297819982 -5.4871582 2.9177439975 2.31941371570733 0.73
"580" 7 10 10 2.05337063288215 -2.177941355 5.583987465 1.88595080521089 0.99
"581" 7 10 11 2.14676692125416 -2.635292235 5.10371429 2.07057922722302 0.953333333333333
"582" 7 10 12 1.83340240480317 0.42599970575 6.1656235575 1.51355906112923 0.996666666666667
"583" 7 10 13 1.63743718353042 1.5628829375 6.259511305 1.24420733735142 1
"584" 7 10 14 2.24222973559406 -1.02531449275 7.8302858425 2.27798482256666 0.986666666666667
"585" 7 10 15 1.97079479953782 0.54038643775 7.52004810499999 1.73647338509621 0.996666666666667
"586" 7 12 1 1.72084796306409 -6.84037493 -2.0033065975 1.35243873059637 NA
"587" 7 12 2 2.22097591462611 -5.09391261 1.8230326 2.23007982639591 1
"588" 7 12 3 2.00197395608386 -7.5577328875 0.06846790255 1.7914680490908 0.81
"589" 7 12 4 1.56167901464094 -4.6777094475 -0.3853245255 1.15343042621337 0.926666666666667
"590" 7 12 5 1.96738895083991 -6.99572484 -0.178470117250003 1.73056927943113 0.806666666666667
"591" 7 12 6 1.81844199067927 -3.0763285475 1.9115572525 1.49108412711604 1
"592" 7 12 7 1.86476910695017 -1.9350527375 3.6589810725 1.5617868364227 0.993333333333333
"593" 7 12 8 2.25997796409655 -3.2920309075 3.7832942175 2.318775931928 1
"594" 7 12 9 2.07042216971597 -2.5167247075 4.1938882 1.91838490459219 0.98
"595" 7 12 10 1.44648251639513 -1.1157825675 2.6215808875 1.02792682561434 1
"596" 7 12 11 1.88000286932914 -2.0926786375 3.85664237 1.58576086970746 1
"597" 7 12 12 1.88704002516569 1.0868289725 6.740824665 1.59695947301107 1
"598" 7 12 13 1.95815273537956 1.76890653 7.92005934 1.71465895738436 1
"599" 7 12 14 1.61038669543611 2.3812363725 6.920559625 1.21100205586859 1
"600" 7 12 15 1.55900011890514 -0.0170323810825 4.372210505 1.15034464145629 1
"601" 7 15 1 1.72915885345043 -5.9519157475 -0.0819872497000007 1.36372553738185 NA
"602" 7 15 2 1.6414892406793 -5.364980365 0.401647905499997 1.24925916482201 0.346666666666667
"603" 7 15 3 1.66320620707527 -5.2424653775 -0.71683561925 1.27668602024528 0.633333333333333
"604" 7 15 4 1.77008808992858 -3.6231394175 1.8198274375 1.42069978522998 0.846666666666667
"605" 7 15 5 1.63016065095095 -4.0813250825 1.2028392125 1.23518668147581 0.856666666666667
"606" 7 15 6 1.79166220527224 0.75524970275 5.921055805 1.45168314380282 1
"607" 7 15 7 1.7751929072363 -3.5135450975 2.004593045 1.42797074074288 0.906666666666667
"608" 7 15 8 1.64239328714256 -0.49643678175 4.125960385 1.2503890638153 0.986666666666667
"609" 7 15 9 2.32587237153122 -6.5787731225 2.09381566 2.47671686491168 0.8
"610" 7 15 10 2.39191246436874 -4.4661404675 4.82342747 2.64580120150547 0.823333333333333
"611" 7 15 11 1.70611884906237 -3.79251097 2.49364590749999 1.33266449235294 0.943333333333333
"612" 7 15 12 1.89712459724113 -1.0462207395 5.3225898675 1.61314560384439 0.99
"613" 7 15 13 1.51497969798865 2.51942914 6.42481988 1.10080437743571 1
"614" 7 15 14 1.91190453978799 0.735864548 7.036476705 1.63716486761571 1
"615" 7 15 15 2.00915763810992 -2.4761949075 4.00967556 1.80438372141383 0.89
"616" 7 20 1 1.63376704596605 -4.1108469625 0.231388213499999 1.23964929470288 NA
"617" 7 20 2 2.05041005111521 -5.7790597425 1.1457649775 1.88037555071431 0.603333333333333
"618" 7 20 3 1.77646106310868 -4.3194785075 2.4748336125 1.42978277895395 0.83
"619" 7 20 4 2.24250901052448 -5.898429025 1.273755725 2.27862109546288 0.43
"620" 7 20 5 1.96399959100178 -2.45071541 3.5863672125 1.72471368637992 0.79
"621" 7 20 6 1.61181609582671 -0.58415494675 3.5227474275 1.21273430042085 1
"622" 7 20 7 2.29368685357807 -6.1744265025 2.858744445 2.39827162189801 0.613333333333333
"623" 7 20 8 1.84761392761084 -2.827194375 2.9561270375 1.53522261165879 0.766666666666667
"624" 7 20 9 2.14502566962064 -4.0085572925 2.7353095175 2.06697696489402 0.736666666666667
"625" 7 20 10 1.45246114162776 0.72296436975 4.68366844 1.03409082262483 0.996666666666667
"626" 7 20 11 1.72791106314742 -0.335856073 4.328257715 1.36202495508603 1
"627" 7 20 12 1.79284999193804 -0.97361159075 4.0828957725 1.45340845813383 0.996666666666667
"628" 7 20 13 2.20607307212468 -0.85411796575 6.6288871175 2.19709171681638 1
"629" 7 20 14 1.5668600031279 -1.4947653725 3.2961793175 1.15942184330146 0.993333333333333
"630" 7 20 15 1.4437106107533 3.4141283475 6.7501917825 1.02508145481857 1
"631" 8 4 1 1.71593168298171 -4.655572735 0.879998998749998 1.34580608034481 NA
"632" 8 4 2 2.04307651208328 -4.9679211725 2.5832399575 1.86663618388604 0.593333333333333
"633" 8 4 3 1.96508185153549 -5.307852575 1.44116095 1.72658128636723 0.553333333333333
"634" 8 4 4 1.7035159459532 -6.0082146225 -0.905256288000003 1.32920020635862 0.153333333333333
"635" 8 4 5 2.06993509125722 -3.65238961 3.664621145 1.91745072815666 0.776666666666667
"636" 8 4 6 1.8726196105227 -1.855586425 3.411990805 1.57409590252762 0.906666666666667
"637" 8 4 7 1.09174276818964 -0.35807243675 2.4488808675 0.720942593873294 0.95
"638" 8 4 8 1.90501920342135 -4.629131535 1.30499549 1.62593115513955 0.633333333333333
"639" 8 4 9 1.91552248056968 -5.1373652275 1.4635913125 1.64309876092127 0.483333333333333
"640" 8 4 10 1.61145733217475 -0.894361633 3.43534675 1.21229929347138 0.95
"641" 8 4 11 1.63754868485379 -1.989464075 3.160438605 1.24434607585071 0.9
"642" 8 4 12 1.84706002163071 -1.286453055 4.8583058575 1.53437247814212 0.886666666666667
"643" 8 4 13 1.73210040072414 1.76152546 6.956285755 1.3677429062619 0.993333333333333
"644" 8 4 14 1.89480390130775 0.751659241 6.580477785 1.60940632394563 1
"645" 8 4 15 1.53686762213265 0.407656526 5.30694925749999 1.12516432193013 0.996666666666667
"646" 8 6 1 1.72479841087899 -7.4128468 -1.47185834 1.35779203623973 NA
"647" 8 6 2 1.76342217186736 -3.291008995 2.687269895 1.41126101087082 0.96
"648" 8 6 3 1.51345334736184 -3.6404098975 0.464491226999999 1.09912544562948 0.996666666666667
"649" 8 6 4 1.82628767647169 -3.6724026325 0.4940486295 1.50282871660232 0.886666666666667
"650" 8 6 5 1.96260622589133 -3.829591705 2.5035584425 1.72231220396324 0.973333333333333
"651" 8 6 6 2.09691769606425 -3.4673209425 3.8678018075 1.96989287452883 0.906666666666667
"652" 8 6 7 1.92525942627632 -2.3939372825 3.65269122999999 1.65917566731111 0.973333333333333
"653" 8 6 8 1.92891921729802 -1.300014575 4.7916227825 1.66525902864727 1
"654" 8 6 9 2.07521581423331 -4.2781416125 2.9797753625 1.92760303644388 0.883333333333333
"655" 8 6 10 0.88720727077754 1.7005341775 3.9464417275 0.587586821604985 1
"656" 8 6 11 1.79112439147052 -1.1994333025 4.7340924225 1.45090261847982 1
"657" 8 6 12 1.88265061980766 -0.49397445975 5.0001745025 1.58996513227197 1
"658" 8 6 13 1.42793156691679 0.10652533065 4.0432379175 1.0090335925309 1
"659" 8 6 14 2.02897105341495 2.09519091 9.2320662325 1.84049125097093 1
"660" 8 6 15 1.87147413954082 0.14588833095 6.145879405 1.57229385364298 1
"661" 8 10 1 2.03362205907966 -9.48505872 -1.092123825 1.84907132372162 NA
"662" 8 10 2 1.39020273015082 -0.53165992975 3.61595189 0.97167314363539 1
"663" 8 10 3 1.60921033503097 -3.5263570225 0.89299818975 1.2095783185778 0.97
"664" 8 10 4 2.16114659678822 -2.8194495775 3.9170778375 2.10056858655384 1
"665" 8 10 5 1.22198656445161 -3.62786554 -0.0976554797000026 0.821230077070011 0.91
"666" 8 10 6 1.78805243243738 -2.4160823125 3.15225287499999 1.44645234410479 1
"667" 8 10 7 1.92457063273437 -3.941069755 2.209442865 1.65803323132294 0.933333333333333
"668" 8 10 8 1.6553636829363 -0.42997258675 4.36774249 1.26671273828322 1
"669" 8 10 9 2.23919379688328 -2.2518361375 5.589763915 2.27107948765188 1
"670" 8 10 10 1.53652986913453 0.798665904 4.573674625 1.12478435847753 1
"671" 8 10 11 1.49026741166891 -1.7744761075 3.3133014775 1.07393436167936 1
"672" 8 10 12 2.10691907709623 -0.41392644075 5.1988130375 1.98969337488405 1
"673" 8 10 13 1.61061577250219 2.3219725975 6.3859337275 1.21127950044344 1
"674" 8 10 14 2.24297622862359 -2.4069986475 5.49704943 2.27968595722165 1
"675" 8 10 15 1.98198861778277 -0.987693733 4.76446246 1.75602035104318 1
"676" 8 12 1 1.49852884613888 -5.1559944225 -1.0628140025 1.08284334987372 NA
"677" 8 12 2 1.84130294447528 -4.0265935275 0.950877178 1.52556435624693 0.893333333333333
"678" 8 12 3 1.48769902186327 -3.653242665 0.853862600249997 1.07117961875405 0.9
"679" 8 12 4 1.6710863850064 -6.0989147475 -0.195877554250001 1.28678627689034 0.653333333333333
"680" 8 12 5 1.77277293967724 -5.4802745475 -0.32852873575 1.42451927577602 0.713333333333333
"681" 8 12 6 0.928419682150879 -1.3322151625 0.871386848749999 0.61230861478143 0.986666666666667
"682" 8 12 7 1.74636931050775 -3.5245181875 2.20044989 1.38739900847276 0.91
"683" 8 12 8 1.53953296178748 -1.0829671375 3.649006065 1.12816726717234 0.993333333333333
"684" 8 12 9 1.53186985736719 -3.3644597175 0.97274845975 1.11955504392816 0.846666666666667
"685" 8 12 10 2.21576373929809 -1.2026843075 5.9854833075 2.21848649881932 1
"686" 8 12 11 1.70026804393437 -1.2304655675 4.65856379999999 1.32489009751946 0.996666666666667
"687" 8 12 12 2.02606222453085 -1.271590685 5.7212806275 1.83514535577578 0.99
"688" 8 12 13 1.27643570680697 2.3054652225 5.9489447475 0.867185103278809 1
"689" 8 12 14 1.27504025175789 1.6050515925 4.750889085 0.865975829387861 1
"690" 8 12 15 2.26922379176582 -0.4107136635 7.3028820875 2.340314351421 1
"691" 8 15 1 1.76961699308727 -6.66635038 -1.67644019 1.42003065567349 NA
"692" 8 15 2 1.7992096109183 -5.2240531175 0.0563332011749998 1.46268103592887 0.85
"693" 8 15 3 2.21327802540674 -4.7266072375 2.969040235 2.21297882419899 0.933333333333333
"694" 8 15 4 2.15355767595852 -5.06788988 2.087545815 2.08468787280919 0.873333333333333
"695" 8 15 5 2.32122071333067 -5.65449894 2.254855225 2.46522277860266 0.733333333333333
"696" 8 15 6 1.7962303804925 -4.2753668575 1.78515224 1.45832985688425 0.92
"697" 8 15 7 1.34382296368036 -1.1403365275 2.133445885 0.92763627365053 0.996666666666667
"698" 8 15 8 1.51002596463148 0.43859831275 4.6183684925 1.09536477037672 0.996666666666667
"699" 8 15 9 1.63159237174613 -3.8346865425 1.3148233075 1.2369563904959 0.953333333333333
"700" 8 15 10 1.9006196557084 -0.2737921685 5.105734085 1.61879350617118 1
"701" 8 15 11 1.67433205990694 -0.46460809275 4.7742119475 1.29096955191461 1
"702" 8 15 12 1.7743605530208 -1.713471145 3.4759807925 1.42678265779873 1
"703" 8 15 13 1.69067467576572 0.21542796575 5.3877251675 1.31224071115416 1
"704" 8 15 14 1.56104712421437 0.0593136181 4.46496977 1.15270181479486 1
"705" 8 15 15 1.97958656262125 -0.1360099225 6.109672785 1.75180735524506 1
"706" 8 20 1 1.56747752876173 -5.7786622 -1.7370511625 1.16013803712138 NA
"707" 8 20 2 1.17619007956257 -2.71472337 0.476525662999999 0.78446881922914 1
"708" 8 20 3 1.84506723571862 -2.870894315 1.8638053675 1.53131784690771 1
"709" 8 20 4 1.95821217508999 -4.689511355 2.00164837 1.71476087924535 0.926666666666667
"710" 8 20 5 2.07937416096935 -5.180466965 1.3003125675 1.93563536727272 0.67
"711" 8 20 6 2.19396265755478 -5.31799198 1.919686065 2.17064449193948 0.773333333333333
"712" 8 20 7 1.63815411792831 -1.4043871725 2.3403915525 1.24509967222424 1
"713" 8 20 8 2.11669907156666 -5.295069895 1.996562865 2.00924803144088 0.96
"714" 8 20 9 1.27922521690755 -2.6745208675 0.78910496575 0.869607501965478 1
"715" 8 20 10 2.06589011360613 -1.242257095 5.3508730325 1.90971034820007 1
"716" 8 20 11 1.8052744224117 -1.259257245 3.438898065 1.47157887527261 1
"717" 8 20 12 1.73378021704429 -0.50767881925 5.2623261425 1.37004239393535 1
"718" 8 20 13 1.62032545354325 1.0227350125 5.199664885 1.22309792174375 1
"719" 8 20 14 1.39532946986976 1.76839045 4.90219727 0.97666745025077 1
"720" 8 20 15 1.9877923822722 -2.295336675 4.622318605 1.76624151151285 1
"721" 9 4 1 2.04105862207005 -7.30861477 -1.05032714 1.86287331517666 NA
"722" 9 4 2 2.06420586204969 -6.89176796 0.19461716 1.90649662269455 0.843333333333333
"723" 9 4 3 2.19634568130768 -6.6178614 -0.0147615942400006 2.17582335755196 0.336666666666667
"724" 9 4 4 1.31690824507948 -4.9117407475 -1.204556225 0.903002201010969 0.52
"725" 9 4 5 1.87357462193203 -4.394898525 1.540443605 1.57559990012703 0.916666666666667
"726" 9 4 6 2.15021000951767 -3.8608108225 3.1900003625 2.07772070156709 0.926666666666667
"727" 9 4 7 1.62901222833893 -2.6417396 0.378381702499999 1.23376897937712 0.946666666666667
"728" 9 4 8 1.94324917558176 -2.6410219025 3.0891364 1.68929391925825 0.976666666666667
"729" 9 4 9 2.6322869554264 -2.8930618 6.0845316275 3.36473235560022 0.99
"730" 9 4 10 1.55426904805129 -2.22810023 1.8144394675 1.14491513327257 0.983333333333333
"731" 9 4 11 1.41764134147901 -0.582991786 3.764330405 0.998703649263845 1
"732" 9 4 12 2.66621850330348 -2.4905267325 5.6500699525 3.48086202031385 1
"733" 9 4 13 1.52435638364401 2.2062217025 7.33331183249999 1.1111748182502 1
"734" 9 4 14 1.88233166673451 1.30872368 7.13743719 1.58945808887265 1
"735" 9 4 15 2.0269015115233 -0.06931704115 5.1702923 1.83668621592363 1
"736" 9 6 1 1.42760292535874 -3.3138823875 0.95993551925 1.00870203664343 NA
"737" 9 6 2 2.01789160782929 -7.73714715 -1.4212626625 1.82021217620218 0.0933333333333333
"738" 9 6 3 1.7413079383063 -3.8120126125 1.175384825 1.38039460659436 0.706666666666667
"739" 9 6 4 1.50546530840462 -2.396223015 1.5601415 1.09038056248451 0.736666666666667
"740" 9 6 5 1.85158371729659 -4.53986545 1.061253555 1.54132923553449 0.353333333333333
"741" 9 6 6 1.98001395075238 -5.607294255 2.3605284925 1.75255621693262 0.353333333333333
"742" 9 6 7 1.85672528176525 -3.1965502225 3.0486258425 1.54927448717502 0.766666666666667
"743" 9 6 8 1.79632018453146 -3.1308970275 2.4200381325 1.45846082667626 0.556666666666667
"744" 9 6 9 1.91475976848533 -1.9509251 3.3340144225 1.64184602743875 0.91
"745" 9 6 10 1.94309903893164 -1.639621265 3.927382975 1.68904031336641 0.94
"746" 9 6 11 1.78168026636031 -0.41847546375 4.467025725 1.4372646135068 1
"747" 9 6 12 2.04971109654938 -0.751936605 5.4412691925 1.87906171284765 0.993333333333333
"748" 9 6 13 1.48377680647505 1.510934955 5.86768066 1.0669864502005 1
"749" 9 6 14 2.0198154241307 0.0663116089475002 6.1851252175 1.82371730058545 1
"750" 9 6 15 2.00438036209331 -0.491159392 5.0272879925 1.79578423974059 1
"751" 9 10 1 1.85781889947938 -4.9116675725 -0.409843994 1.55096972800198 NA
"752" 9 10 2 2.55891311373402 -4.80689708 4.4024093825 3.12668888539964 0.746666666666667
"753" 9 10 3 1.41834306097865 -3.3858196675 0.935869920999999 0.999404705032379 0.793333333333333
"754" 9 10 4 1.52945962577682 -5.6814007025 -0.957865137000002 1.11685990625183 0.423333333333333
"755" 9 10 5 2.06593783500297 -3.3196527925 2.93653516 1.90980148441999 0.653333333333333
"756" 9 10 6 1.40979051099245 -2.1968422475 2.28168712 0.990893693640211 0.83
"757" 9 10 7 1.79899710519511 -0.418433272 4.474753265 1.46237024086157 1
"758" 9 10 8 1.72086492344447 -2.929276125 2.1211185975 1.35246166866619 0.883333333333333
"759" 9 10 9 1.79556575986639 -0.64853104525 4.0286782775 1.4573609427975 0.996666666666667
"760" 9 10 10 2.39599139536811 -2.324591415 5.64270994749999 2.65661528199512 0.723333333333333
"761" 9 10 11 2.08035783129533 -2.4891484925 4.3099677175 1.93754033112002 0.89
"762" 9 10 12 1.83001871498606 0.632128735 6.5883394925 1.50844630162079 1
"763" 9 10 13 1.79316038182407 1.2882857625 6.5430054875 1.45385965143881 1
"764" 9 10 14 1.86783236897926 0.48974021 5.656879625 1.56657833379546 1
"765" 9 10 15 1.7986112251168 1.6158973725 6.6242138875 1.46180605018049 1
"766" 9 12 1 2.22011558122061 -7.4267041775 0.648322976499994 2.22816203931076 NA
"767" 9 12 2 1.7894364172073 -4.8241101925 1.401197845 1.44845559803616 0.79
"768" 9 12 3 2.12250312869392 -4.35621178 2.98364271 2.02094373021731 0.756666666666667
"769" 9 12 4 1.94022291452817 -3.50318156 3.387446925 1.68418940255808 0.83
"770" 9 12 5 1.64117037413063 -5.1858204 -0.316655419250002 1.24886088136673 0.61
"771" 9 12 6 1.75117193337468 -2.2655699725 2.75076155 1.39407818863005 0.89
"772" 9 12 7 2.06306110588628 -2.88482414 3.356345685 1.9043153976588 0.816666666666667
"773" 9 12 8 1.66861350793943 -2.9911971275 1.899966795 1.28360814380189 0.77
"774" 9 12 9 1.96104402513713 -2.2096353725 3.6294788125 1.71962370707194 0.8
"775" 9 12 10 1.71330998223577 -0.7963922085 4.687187945 1.34228240057529 0.963333333333333
"776" 9 12 11 2.06629437005738 -1.36968619 5.6399999875 1.91048251699494 0.936666666666667
"777" 9 12 12 1.62988837086704 -0.1003243197 4.2685112275 1.23485041052455 0.986666666666667
"778" 9 12 13 2.29451435216569 -1.7452514475 5.5629142525 2.40025700961733 0.796666666666667
"779" 9 12 14 2.25792681747652 1.5000220725 8.502303765 2.31402465695919 1
"780" 9 12 15 2.00815265202845 0.4955418245 7.5981165375 1.80257125179411 0.98
"781" 9 15 1 1.688339143297 -7.333911465 -2.34801588000001 1.30917950652938 NA
"782" 9 15 2 1.77650910371592 -2.5125339475 2.1901023975 1.42985146823679 1
"783" 9 15 3 2.12181177762714 -5.784536255 0.509496335999999 2.01954703147374 0.79
"784" 9 15 4 1.71430061527117 -1.546181215 2.57456503 1.34361276870865 1
"785" 9 15 5 1.88393880471481 -2.6854773975 2.908792085 1.59201462113515 1
"786" 9 15 6 1.48828482761037 1.3581297575 5.385797795 1.07180730576427 1
"787" 9 15 7 2.01878888151421 -3.9581804175 2.4723460625 1.82184613763454 0.96
"788" 9 15 8 1.7742813212159 -2.6378600425 2.55864879 1.42666961571188 1
"789" 9 15 9 2.13325408444896 -3.1083635675 3.5775711825 2.04278801993839 1
"790" 9 15 10 1.68897528530513 -1.82552829 2.74048188 1.31001259556304 1
"791" 9 15 11 1.64068158108556 0.0539138052925001 4.5677448225 1.24825059601743 1
"792" 9 15 12 1.8464845624566 -1.25805884 4.13623475 1.53348976343057 1
"793" 9 15 13 1.30741642194029 2.9344514525 6.845800965 0.894471613286285 1
"794" 9 15 14 1.71974567352605 0.12442487855 4.9090516075 1.35094877286606 1
"795" 9 15 15 2.03094334021522 -0.9321144 5.5112992975 1.84412480960324 1
"796" 9 20 1 1.4281826748072 -7.59569921 -4.09971107 1.00928700064272 NA
"797" 9 20 2 1.91160588740964 -4.812197955 1.0642686225 1.636675997439 1
"798" 9 20 3 1.5379557174538 -1.99861669 2.1084068625 1.12638927427595 1
"799" 9 20 4 2.04385084122621 -3.5316483725 3.310523165 1.86808213443105 1
"800" 9 20 5 1.84621628522875 -3.125355265 1.8136685325 1.53307841822765 1
"801" 9 20 6 1.94454544947984 -0.73914308525 4.12305187 1.69148512676769 1
"802" 9 20 7 2.16991672167745 -1.1846296275 6.3438286425 2.1190718547847 1
"803" 9 20 8 2.08876420489772 -4.0574648175 3.2589674325 1.95389667144571 1
"804" 9 20 9 1.60872271690788 -4.072568725 0.76985587875 1.20898865004657 1
"805" 9 20 10 1.94445492847028 -0.86952268675 5.7490918325 1.69133201875623 1
"806" 9 20 11 1.65062920183872 -1.867715265 3.60310467 1.26072968526945 1
"807" 9 20 12 2.00259737280656 -2.6000066375 2.863564175 1.79258522842875 1
"808" 9 20 13 2.10481725482772 1.7292782875 8.7363760475 1.98551578485502 1
"809" 9 20 14 1.9726750589582 0.25398541225 7.17405689 1.73974147700425 1
"810" 9 20 15 1.53385886841989 0.890842434 4.3569195425 1.12178406732586 1
"811" 10 4 1 1.37128580508811 -6.49010576 -3.07817411 0.953464841122463 NA
"812" 10 4 2 1.5524786880174 -2.6109856425 1.1615014475 1.14286715683039 1
"813" 10 4 3 2.30619929318526 -5.337756435 2.0643488025 2.42846837428008 0.44
"814" 10 4 4 1.52244137929425 -4.819546175 -1.44462532 1.10904894981324 0.87
"815" 10 4 5 1.10251170224366 -3.45952933 -1.0662150825 0.728748331424151 1
"816" 10 4 6 1.24501203339877 -1.4463755125 2.15649933499999 0.840358661913321 1
"817" 10 4 7 1.66985234264572 -2.7522970725 0.924584406749999 1.28519930751062 1
"818" 10 4 8 1.1168025437668 -1.29428015 1.6501758025 0.739237529557719 1
"819" 10 4 9 2.1635283824108 -2.4916550775 5.7240239475 2.10557765350637 1
"820" 10 4 10 1.89031077778335 -0.690812543 3.6016457525 1.60219128370291 1
"821" 10 4 11 1.80452215949076 0.221444952 4.5827014375 1.470472277328 1
"822" 10 4 12 1.77590808254783 1.053653655 6.00110941 1.42899235543552 1
"823" 10 4 13 0.857802164423616 2.28297109 4.3929551525 0.570560328372383 1
"824" 10 4 14 2.2443027712296 -0.0627729164499999 6.3065522275 2.28271206445857 1
"825" 10 4 15 0.986405200408895 0.93446621625 3.3872534325 0.648863224348636 1
"826" 10 6 1 1.30343752364835 -5.257133745 -2.1434804825 0.89091967280304 NA
"827" 10 6 2 1.31399211761219 -2.862511935 0.253281531249999 0.900372767234947 0.94
"828" 10 6 3 1.47203882642786 -4.26769382 -0.229305732750001 1.05453540257038 0.906666666666667
"829" 10 6 4 2.69785521212618 -8.0793037925 1.6007087875 3.59274551966134 0.666666666666667
"830" 10 6 5 1.59169335456026 -4.61968039 -0.44529981175 1.18857465623398 0.746666666666667
"831" 10 6 6 1.32731737553524 -1.7385474575 1.1977634375 0.912450759047289 1
"832" 10 6 7 1.63082469294052 -2.1794456975 1.706454215 1.23600716968642 1
"833" 10 6 8 1.47495311194041 0.5444475645 4.162602555 1.05761310228615 1
"834" 10 6 9 1.61327294921738 -0.87202577875 2.9295925525 1.21450236409045 1
"835" 10 6 10 1.71005317412359 3.01071295 7.311201225 1.33791795530238 1
"836" 10 6 11 1.35891433247067 -0.00772888334999999 3.5490988725 0.941741742467056 1
"837" 10 6 12 1.93975118041905 -1.2045757975 4.3829267425 1.68339510033515 1
"838" 10 6 13 1.96527040354741 0.81300661 6.943973115 1.72690686743603 1
"839" 10 6 14 1.3549622254662 0.9417944925 4.3653509725 0.938027223253756 1
"840" 10 6 15 2.23855507800018 -0.13114060675 7.2954573 2.26962936945632 1
"841" 10 10 1 1.89913720801898 -6.07740663 0.811043175499997 1.61639550737135 NA
"842" 10 10 2 1.5754214599109 -5.879518475 -0.887671449500008 1.169390796796 0.27
"843" 10 10 3 1.98248558676006 -3.824539515 2.9930717675 1.75689325556639 0.816666666666667
"844" 10 10 4 1.94600635212965 -4.7548459875 0.940962549999989 1.6939580277655 0.44
"845" 10 10 5 1.82193546267848 -4.0111567175 1.7700883225 1.49630229722114 0.87
"846" 10 10 6 1.80954973654757 -2.195404645 3.37754841 1.47788380541498 0.976666666666667
"847" 10 10 7 2.04561529966907 -2.462294745 5.973746075 1.87138119739894 0.963333333333333
"848" 10 10 8 1.75705932247794 -1.9527490575 2.5882152375 1.40230987716681 0.893333333333333
"849" 10 10 9 1.95715247596929 -3.043897865 3.1302415325 1.71294471111525 0.89
"850" 10 10 10 1.81559525250695 -3.309420985 2.647735645 1.48684543709608 0.89
"851" 10 10 11 1.46547009147399 -2.364746025 1.7529396925 1.04763113997252 0.93
"852" 10 10 12 2.1172318268095 -1.87482618 5.6900107875 2.01031875405501 0.976666666666667
"853" 10 10 13 1.67699619600516 1.4984589075 6.91926693 1.29441345597718 1
"854" 10 10 14 1.91328376454686 -0.0118558308999998 6.60181837 1.63942444380902 0.996666666666667
"855" 10 10 15 1.92522405024739 -0.4432231025 6.0438428725 1.65911697330288 0.976666666666667
"856" 10 12 1 1.98655070036414 -7.927677805 -1.4880640825 1.76404976239195 NA
"857" 10 12 2 1.93190843688736 -3.8263900375 1.87704561 1.67024430088162 0.906666666666667
"858" 10 12 3 1.61833792968263 -3.6369474975 1.0541903025 1.2206693996127 0.93
"859" 10 12 4 2.33773480275695 -4.4975127725 2.9646474625 2.50627169790202 1
"860" 10 12 5 2.12502798267852 -4.3002337825 1.8774554775 2.02605276511665 0.9
"861" 10 12 6 2.37268448004744 -6.3174051525 2.4539619575 2.59541375441527 0.863333333333333
"862" 10 12 7 1.19622038320977 -0.68835614725 2.5052502975 0.800340393452221 1
"863" 10 12 8 2.18018101528652 -2.9465457275 4.94666549 2.1409346415651 1
"864" 10 12 9 1.81082035859393 -1.6518993225 2.824677335 1.47976283067276 1
"865" 10 12 10 1.98543870515375 -1.0198066605 4.52123189 1.76208923775431 1
"866" 10 12 11 2.04092116615124 0.7168827785 5.81641159 1.86261726981137 1
"867" 10 12 12 1.9765588293175 -2.260848995 4.0756151 1.74651137123318 1
"868" 10 12 13 1.47152058021323 3.43853159 7.47015913 1.05398903517845 1
"869" 10 12 14 1.93290155642801 0.46841750625 6.9376896175 1.67190387707685 1
"870" 10 12 15 1.08388925116301 3.37351838 6.1261635175 0.715302833899851 1
"871" 10 15 1 1.72854731965854 -5.5238135025 -0.232978444000001 1.36289182807956 NA
"872" 10 15 2 1.34322622637708 -4.47013368 -1.13308819 0.927082883612831 0.333333333333333
"873" 10 15 3 1.83985440015616 -5.6222448325 -0.644196219 1.5233561084238 0.383333333333333
"874" 10 15 4 1.90701617422784 -3.52510058 2.1511305525 1.62918133636813 0.796666666666667
"875" 10 15 5 1.54946411681213 -3.9724926 1.09927644 1.13942709017608 0.786666666666667
"876" 10 15 6 1.71439982679516 -1.5876145825 3.515439005 1.34374607719185 1
"877" 10 15 7 1.86012811309271 -1.09711602 3.1634895575 1.55455538684448 0.996666666666667
"878" 10 15 8 1.2788424683663 -1.9868805875 1.5809080125 0.869274724651721 0.953333333333333
"879" 10 15 9 2.04391116613922 -2.7449650475 3.659249555 1.86819482972244 0.99
"880" 10 15 10 1.4680842770894 -0.5809011035 4.0561542175 1.05037342508831 1
"881" 10 15 11 1.57314120001242 2.2825887175 6.8872653525 1.16672731972047 1
"882" 10 15 12 2.0656778172513 -2.0544307525 3.612047425 1.90930496668639 0.913333333333333
"883" 10 15 13 1.95788761174636 0.72251882175 7.4141552175 1.71420442102871 1
"884" 10 15 14 1.50654845043373 1.06215732 5.52799453 1.09156223934587 1
"885" 10 15 15 2.03331780228617 -1.44559975 4.9240668 1.84850881678735 0.983333333333333
"886" 10 20 1 2.42914730204669 -8.06498446 -0.255400879250001 2.74617427079835 NA
"887" 10 20 2 1.83035981928649 -3.6089267125 2.4745683925 1.5089609269067 0.813333333333333
"888" 10 20 3 2.3022618917301 -8.4262682875 -1.18257623 2.41892531911796 0.26
"889" 10 20 4 1.44622292837415 -2.8875632575 1.00711538625 1.02766002275488 0.85
"890" 10 20 5 1.10586211315202 -3.2444178275 -0.271161987000002 0.731194032547264 0.746666666666667
"891" 10 20 6 1.84973420000048 -2.4851227525 3.4998037825 1.5384811550533 0.97
"892" 10 20 7 1.54685539196629 -3.69884728 0.559478164249997 1.13645851220102 0.77
"893" 10 20 8 1.49386464925864 -1.7897481225 2.72311634 1.07780451549212 0.943333333333333
"894" 10 20 9 1.60628568536094 -2.1989857025 2.4309296425 1.20604589381785 0.996666666666667
"895" 10 20 10 1.43227034454802 0.87549659 4.9458871875 1.01342107618644 1
"896" 10 20 11 2.09583944914548 -1.4447882225 5.4324724 1.96776998831 0.94
"897" 10 20 12 1.59319776863116 1.2798931225 5.1797100275 1.19036411037362 1
"898" 10 20 13 1.89502903541717 -0.913124311 6.2918826675 1.60976869699479 1
"899" 10 20 14 2.12911614272531 0.8628645085 8.0611994975 2.03435254694236 1
"900" 10 20 15 1.96454902197435 2.6329121675 8.37846539 1.72566155786916 1
